{
 "cells": [
  {
   "cell_type": "code",
   "execution_count": 3,
   "metadata": {},
   "outputs": [],
   "source": [
    "    from __future__ import absolute_import, division, print_function\n",
    "\n",
    "    import tensorflow as tf\n",
    "    import numpy as np\n",
    "\n",
    "    tf.logging.set_verbosity(tf.logging.INFO)\n",
    "    #Sets the threshold for what messages will be logged. message level: 'FATAL','ERROR','WARN','INFO','DEBUG'"
   ]
  },
  {
   "cell_type": "code",
   "execution_count": 4,
   "metadata": {},
   "outputs": [],
   "source": [
    "PATH = \"D:\\深圳\\大岩\\项目\\intern-2018\\CNN\\estimator_mnist\""
   ]
  },
  {
   "cell_type": "code",
   "execution_count": 5,
   "metadata": {},
   "outputs": [],
   "source": [
    "def cnn_model_fn(features, labels, mode):\n",
    "  \"\"\"Model function for CNN.\"\"\"\n",
    "  # Input Layer\n",
    "  input_layer = tf.reshape(features[\"x\"], [-1, 28, 28, 1])\n",
    "  # for black-and-white photo with 28 * 28 pixels\n",
    "\n",
    "  # Convolutional Layer #1\n",
    "  conv1 = tf.layers.conv2d(\n",
    "      inputs=input_layer,\n",
    "      filters=32,\n",
    "      kernel_size=[5, 5],\n",
    "      padding=\"same\",\n",
    "      activation=tf.nn.relu)\n",
    "\n",
    "  # Pooling Layer #1\n",
    "  pool1 = tf.layers.max_pooling2d(inputs=conv1, pool_size=[2, 2], strides=2)\n",
    "\n",
    "  # Convolutional Layer #2 and Pooling Layer #2\n",
    "  conv2 = tf.layers.conv2d(\n",
    "      inputs=pool1,\n",
    "      filters=64,\n",
    "      kernel_size=[5, 5],\n",
    "      padding=\"same\",\n",
    "      activation=tf.nn.relu)\n",
    "  pool2 = tf.layers.max_pooling2d(inputs=conv2, pool_size=[2, 2], strides=2)\n",
    "\n",
    "  # Dense Layer\n",
    "  pool2_flat = tf.reshape(pool2, [-1, 7 * 7 * 64])\n",
    "  dense = tf.layers.dense(inputs=pool2_flat, units=1024, activation=tf.nn.relu)\n",
    "  dropout = tf.layers.dropout(\n",
    "      inputs=dense, rate=0.4, training=mode == tf.estimator.ModeKeys.TRAIN)\n",
    "\n",
    "  # Logits Layer\n",
    "  logits = tf.layers.dense(inputs=dropout, units=10)\n",
    "\n",
    "  predictions = {\n",
    "      # Generate predictions (for PREDICT and EVAL mode)\n",
    "      \"classes\": tf.argmax(input=logits, axis=1),\n",
    "      # Add `softmax_tensor` to the graph. It is used for PREDICT and by the\n",
    "      # `logging_hook`.\n",
    "      \"probabilities\": tf.nn.softmax(logits, name=\"softmax_tensor\")\n",
    "  }\n",
    "\n",
    "  if mode == tf.estimator.ModeKeys.PREDICT:\n",
    "    return tf.estimator.EstimatorSpec(mode=mode, predictions=predictions)\n",
    "\n",
    "  # Calculate Loss (for both TRAIN and EVAL modes)\n",
    "  loss = tf.losses.sparse_softmax_cross_entropy(labels=labels, logits=logits)\n",
    "\n",
    "  # Configure the Training Op (for TRAIN mode)\n",
    "  if mode == tf.estimator.ModeKeys.TRAIN:\n",
    "    optimizer = tf.train.GradientDescentOptimizer(learning_rate=0.001)\n",
    "    train_op = optimizer.minimize(\n",
    "        loss=loss,\n",
    "        global_step=tf.train.get_global_step())\n",
    "    return tf.estimator.EstimatorSpec(mode=mode, loss=loss, train_op=train_op)\n",
    "\n",
    "  # Add evaluation metrics (for EVAL mode)\n",
    "  eval_metric_ops = {\n",
    "      \"accuracy\": tf.metrics.accuracy(\n",
    "          labels=labels, predictions=predictions[\"classes\"])\n",
    "  }\n",
    "  #tf.summary.scalar('accuracy', accuracy[1])\n",
    "  return tf.estimator.EstimatorSpec(\n",
    "      mode=mode, loss=loss, eval_metric_ops=eval_metric_ops)"
   ]
  },
  {
   "cell_type": "code",
   "execution_count": 6,
   "metadata": {},
   "outputs": [],
   "source": [
    "# Load training and eval data\n",
    "((train_data, train_labels),\n",
    " (eval_data, eval_labels)) = tf.keras.datasets.mnist.load_data()\n",
    "\n",
    "train_data = train_data/np.float32(255)\n",
    "train_labels = train_labels.astype(np.int32)  # not required\n",
    "\n",
    "eval_data = eval_data/np.float32(255)\n",
    "eval_labels = eval_labels.astype(np.int32)  # not required"
   ]
  },
  {
   "cell_type": "code",
   "execution_count": 7,
   "metadata": {},
   "outputs": [
    {
     "name": "stdout",
     "output_type": "stream",
     "text": [
      "INFO:tensorflow:Using default config.\n",
      "INFO:tensorflow:Using config: {'_model_dir': 'D:\\\\深圳\\\\大岩\\\\项目\\\\intern-2018\\\\CNN\\\\estimator_mnist', '_tf_random_seed': None, '_save_summary_steps': 100, '_save_checkpoints_steps': None, '_save_checkpoints_secs': 600, '_session_config': allow_soft_placement: true\n",
      "graph_options {\n",
      "  rewrite_options {\n",
      "    meta_optimizer_iterations: ONE\n",
      "  }\n",
      "}\n",
      ", '_keep_checkpoint_max': 5, '_keep_checkpoint_every_n_hours': 10000, '_log_step_count_steps': 100, '_train_distribute': None, '_device_fn': None, '_protocol': None, '_eval_distribute': None, '_experimental_distribute': None, '_service': None, '_cluster_spec': <tensorflow.python.training.server_lib.ClusterSpec object at 0x000001E53D27B0B8>, '_task_type': 'worker', '_task_id': 0, '_global_id_in_cluster': 0, '_master': '', '_evaluation_master': '', '_is_chief': True, '_num_ps_replicas': 0, '_num_worker_replicas': 1}\n"
     ]
    }
   ],
   "source": [
    "# Create the Estimator\n",
    "mnist_classifier = tf.estimator.Estimator(\n",
    "    model_fn=cnn_model_fn, model_dir=PATH)"
   ]
  },
  {
   "cell_type": "code",
   "execution_count": 8,
   "metadata": {},
   "outputs": [],
   "source": [
    "# Set up logging for predictions\n",
    "tensors_to_log = {\"probabilities\": \"softmax_tensor\"}\n",
    "\n",
    "logging_hook = tf.train.LoggingTensorHook(\n",
    "    tensors=tensors_to_log, every_n_iter=50)"
   ]
  },
  {
   "cell_type": "code",
   "execution_count": 9,
   "metadata": {
    "scrolled": true
   },
   "outputs": [
    {
     "name": "stdout",
     "output_type": "stream",
     "text": [
      "WARNING:tensorflow:From C:\\Users\\carlos\\Anaconda3\\envs\\tensorflow\\lib\\site-packages\\tensorflow\\python\\estimator\\inputs\\queues\\feeding_queue_runner.py:62: QueueRunner.__init__ (from tensorflow.python.training.queue_runner_impl) is deprecated and will be removed in a future version.\n",
      "Instructions for updating:\n",
      "To construct input pipelines, use the `tf.data` module.\n",
      "WARNING:tensorflow:From C:\\Users\\carlos\\Anaconda3\\envs\\tensorflow\\lib\\site-packages\\tensorflow\\python\\estimator\\inputs\\queues\\feeding_functions.py:500: add_queue_runner (from tensorflow.python.training.queue_runner_impl) is deprecated and will be removed in a future version.\n",
      "Instructions for updating:\n",
      "To construct input pipelines, use the `tf.data` module.\n",
      "INFO:tensorflow:Calling model_fn.\n",
      "INFO:tensorflow:Done calling model_fn.\n",
      "INFO:tensorflow:Create CheckpointSaverHook.\n",
      "INFO:tensorflow:Graph was finalized.\n",
      "INFO:tensorflow:Restoring parameters from D:\\深圳\\大岩\\项目\\intern-2018\\CNN\\estimator_mnist\\model.ckpt-2001\n",
      "INFO:tensorflow:Running local_init_op.\n",
      "INFO:tensorflow:Done running local_init_op.\n",
      "WARNING:tensorflow:From C:\\Users\\carlos\\Anaconda3\\envs\\tensorflow\\lib\\site-packages\\tensorflow\\python\\training\\monitored_session.py:804: start_queue_runners (from tensorflow.python.training.queue_runner_impl) is deprecated and will be removed in a future version.\n",
      "Instructions for updating:\n",
      "To construct input pipelines, use the `tf.data` module.\n",
      "INFO:tensorflow:Saving checkpoints for 2001 into D:\\深圳\\大岩\\项目\\intern-2018\\CNN\\estimator_mnist\\model.ckpt.\n",
      "INFO:tensorflow:probabilities = [[0.00141846 0.02074195 0.00748468 0.6638555  0.00179395 0.12275656\n",
      "  0.00220401 0.06959698 0.05794057 0.0522074 ]\n",
      " [0.00383784 0.23427759 0.01475341 0.08921957 0.00710426 0.07496464\n",
      "  0.00681277 0.01693185 0.517067   0.03503102]\n",
      " [0.0023108  0.00004749 0.00615296 0.00123137 0.00070636 0.00269332\n",
      "  0.9851226  0.00006929 0.00072889 0.00093681]\n",
      " [0.00932576 0.00046057 0.00048006 0.00822936 0.01752091 0.01077975\n",
      "  0.00167384 0.8834096  0.00544401 0.06267606]\n",
      " [0.00210331 0.00163316 0.03081998 0.7696758  0.00266877 0.10441839\n",
      "  0.02577268 0.00219015 0.05198695 0.00873084]\n",
      " [0.0228417  0.15491821 0.08169701 0.22492768 0.00408397 0.1164517\n",
      "  0.00938173 0.23726144 0.12277646 0.02566012]\n",
      " [0.05150572 0.06355472 0.02938298 0.1850083  0.00653618 0.27439284\n",
      "  0.01474666 0.10205742 0.22410007 0.04871509]\n",
      " [0.00005423 0.00031182 0.00003449 0.00452716 0.00068857 0.00221356\n",
      "  0.00004187 0.9790592  0.00581881 0.00725021]\n",
      " [0.01474085 0.02296569 0.03112861 0.05912215 0.01856698 0.03135569\n",
      "  0.00962886 0.02579592 0.7243418  0.06235342]\n",
      " [0.02666202 0.00152053 0.00594808 0.02013768 0.04161159 0.02713226\n",
      "  0.00724202 0.72434515 0.02720921 0.11819143]\n",
      " [0.00645265 0.00176344 0.00124098 0.01232677 0.01377737 0.02854681\n",
      "  0.00215756 0.7765228  0.02123676 0.13597481]\n",
      " [0.17704745 0.00162465 0.01967956 0.6482301  0.00130244 0.10058193\n",
      "  0.00310833 0.00200768 0.04381092 0.00260695]\n",
      " [0.08160745 0.00017922 0.01862854 0.3069427  0.01333238 0.30348644\n",
      "  0.06460233 0.00144947 0.19763853 0.01213292]\n",
      " [0.00138955 0.00455359 0.0011665  0.00354969 0.0149402  0.00843258\n",
      "  0.00143184 0.8094255  0.03913767 0.11597296]\n",
      " [0.05816512 0.04882376 0.4469479  0.08217707 0.00498348 0.05609157\n",
      "  0.06675795 0.00134777 0.22447911 0.01022635]\n",
      " [0.04146539 0.00054629 0.03249151 0.5727063  0.00400905 0.19473052\n",
      "  0.01988258 0.00692019 0.11813998 0.00910815]\n",
      " [0.02218227 0.0000045  0.15280823 0.00142835 0.76613724 0.00534513\n",
      "  0.03030691 0.00163112 0.0021672  0.01798905]\n",
      " [0.00484608 0.566783   0.11468654 0.02614544 0.02151793 0.02198182\n",
      "  0.04062545 0.01630379 0.14397946 0.04313045]\n",
      " [0.00065925 0.00027934 0.00011038 0.00786266 0.14423189 0.00858238\n",
      "  0.00329041 0.11126135 0.00381969 0.71990263]\n",
      " [0.09333202 0.02469451 0.10948163 0.11559971 0.05124769 0.31079194\n",
      "  0.03768199 0.08116349 0.11748775 0.05851926]\n",
      " [0.14018586 0.0003068  0.1000495  0.5666453  0.00384544 0.12482426\n",
      "  0.00457129 0.01130456 0.04346448 0.00480258]\n",
      " [0.00111388 0.00167134 0.00202302 0.00957688 0.09187064 0.00621719\n",
      "  0.00511327 0.07331885 0.01758952 0.79150534]\n",
      " [0.01835881 0.15069231 0.03539713 0.05253443 0.09293929 0.06067895\n",
      "  0.01642955 0.07294666 0.17343096 0.3265919 ]\n",
      " [0.00114105 0.00018376 0.01605441 0.0162555  0.45753592 0.01596821\n",
      "  0.01889032 0.03421401 0.00770581 0.432051  ]\n",
      " [0.00811066 0.00407723 0.00538094 0.01147364 0.51578647 0.02393457\n",
      "  0.01489484 0.10639821 0.05763768 0.25230572]\n",
      " [0.00625967 0.0096     0.02899259 0.12307288 0.03332172 0.06535429\n",
      "  0.0261825  0.02148131 0.5468276  0.13890745]\n",
      " [0.00286679 0.25018087 0.03531753 0.09967134 0.02314873 0.05644368\n",
      "  0.00515609 0.30601195 0.14227971 0.07892332]\n",
      " [0.44439283 0.00033274 0.0389414  0.18898635 0.02642389 0.12064075\n",
      "  0.06143677 0.02380538 0.05077077 0.0442691 ]\n",
      " [0.05805144 0.00021327 0.0505991  0.02933228 0.45532513 0.02875411\n",
      "  0.02809953 0.05354835 0.04985788 0.24621898]\n",
      " [0.05463436 0.00544243 0.07298273 0.04817975 0.16538145 0.0922358\n",
      "  0.26355624 0.05592565 0.06588048 0.17578113]\n",
      " [0.01476146 0.00011462 0.00822424 0.00184506 0.00904285 0.00156509\n",
      "  0.9537214  0.00024529 0.00233534 0.00814467]\n",
      " [0.01631313 0.03973056 0.04152469 0.23826808 0.00383814 0.10697737\n",
      "  0.0091124  0.01526788 0.5049678  0.02400001]\n",
      " [0.00094894 0.00037868 0.01699396 0.00094327 0.00950283 0.00496437\n",
      "  0.95857996 0.00009422 0.00400601 0.00358777]\n",
      " [0.00637393 0.17606948 0.21605633 0.26622757 0.01213506 0.05909218\n",
      "  0.09837803 0.00945105 0.13126741 0.02494891]\n",
      " [0.00532379 0.01440821 0.00344005 0.0141616  0.09019199 0.08127838\n",
      "  0.0231121  0.07760888 0.14716648 0.54330856]\n",
      " [0.7948667  0.00001036 0.08091087 0.07670064 0.00142186 0.01003772\n",
      "  0.01192371 0.00199246 0.01505455 0.00708119]\n",
      " [0.99930215 0.00000024 0.0000084  0.00003237 0.00001571 0.00040409\n",
      "  0.00003922 0.0000033  0.00018972 0.0000047 ]\n",
      " [0.00342554 0.7016267  0.06234743 0.02342586 0.01359764 0.00803369\n",
      "  0.004676   0.00705802 0.16306609 0.01274301]\n",
      " [0.01771922 0.02013663 0.61042553 0.07079624 0.01699714 0.02378798\n",
      "  0.08340956 0.03174654 0.09912536 0.02585581]\n",
      " [0.00124201 0.8635561  0.01484902 0.01087342 0.001161   0.00982169\n",
      "  0.00141624 0.00916864 0.07836146 0.00955047]\n",
      " [0.00336547 0.264937   0.02258062 0.0938544  0.01283596 0.0320597\n",
      "  0.02108327 0.20734985 0.19353761 0.14839613]\n",
      " [0.834025   0.00230706 0.00161079 0.03084539 0.0018235  0.0824893\n",
      "  0.00153215 0.00359427 0.02774519 0.01402741]\n",
      " [0.00751957 0.44187024 0.01961026 0.07063043 0.03964908 0.07364543\n",
      "  0.04159843 0.05197347 0.08344877 0.17005433]\n",
      " [0.01637322 0.01202732 0.01957179 0.01450663 0.01216747 0.07395136\n",
      "  0.01643835 0.04964838 0.7192642  0.06605134]\n",
      " [0.05047828 0.05024892 0.04034526 0.1000056  0.01652584 0.39347163\n",
      "  0.02185412 0.09867426 0.19674471 0.03165146]\n",
      " [0.01547694 0.39652625 0.03754719 0.04130348 0.01262696 0.09877998\n",
      "  0.02461573 0.06299116 0.24606793 0.0640644 ]\n",
      " [0.01276325 0.00023205 0.02329352 0.01400848 0.86252725 0.00554903\n",
      "  0.00391904 0.02981673 0.00430208 0.04358862]\n",
      " [0.00325654 0.31178463 0.03379356 0.12491231 0.02327838 0.0301091\n",
      "  0.0142378  0.18043542 0.17132495 0.10686735]\n",
      " [0.07316575 0.00196413 0.7886092  0.01094413 0.01223066 0.0119447\n",
      "  0.09441857 0.00006269 0.00410305 0.00255719]\n",
      " [0.0044225  0.00884531 0.00914307 0.21251047 0.04837178 0.07599135\n",
      "  0.00420116 0.31377372 0.0821629  0.24057771]\n",
      " [0.00671893 0.01952145 0.05513918 0.77222717 0.0008483  0.02660195\n",
      "  0.0017472  0.00394736 0.10889159 0.00435679]\n",
      " [0.08151582 0.00107922 0.19395834 0.02792485 0.01688117 0.02275855\n",
      "  0.6279747  0.00097666 0.01000602 0.01692475]\n",
      " [0.00114794 0.76675564 0.03862859 0.03194412 0.0017237  0.02780886\n",
      "  0.0438625  0.00335566 0.05209783 0.03267512]\n",
      " [0.41588926 0.00305324 0.03329081 0.03471628 0.04293087 0.07393621\n",
      "  0.01593485 0.00544558 0.31220818 0.06259467]\n",
      " [0.5265554  0.00051155 0.01399202 0.19407697 0.00617243 0.18139273\n",
      "  0.02501075 0.0060997  0.02616386 0.02002445]\n",
      " [0.41932434 0.00214119 0.02400159 0.09710027 0.01222314 0.1869061\n",
      "  0.14903918 0.01622448 0.08233225 0.01070728]\n",
      " [0.05049052 0.14725175 0.18999596 0.20002536 0.0201685  0.0753969\n",
      "  0.02281006 0.03248877 0.21873377 0.04263838]\n",
      " [0.02938925 0.00610957 0.21038716 0.0434604  0.02017248 0.03988498\n",
      "  0.59879935 0.00042018 0.03353547 0.01784125]\n",
      " [0.008421   0.02462237 0.04629586 0.1907816  0.06185789 0.12920818\n",
      "  0.02789903 0.03866148 0.3765719  0.09568065]\n",
      " [0.0006813  0.8836075  0.01274206 0.03061115 0.00300673 0.00860169\n",
      "  0.00584304 0.00862355 0.03690965 0.00937339]\n",
      " [0.00686631 0.00025981 0.9352769  0.00861781 0.00100964 0.00645069\n",
      "  0.02764108 0.00023991 0.01268592 0.00095179]\n",
      " [0.04361533 0.00045681 0.84200543 0.00382818 0.02052732 0.00978023\n",
      "  0.07377282 0.00082837 0.00304402 0.00214135]\n",
      " [0.59650314 0.00691392 0.01479455 0.1139865  0.00306666 0.12424657\n",
      "  0.01235793 0.01120138 0.10761005 0.00931941]\n",
      " [0.00500057 0.00127579 0.03304864 0.00260337 0.74293154 0.01405597\n",
      "  0.08941416 0.01480771 0.01504923 0.08181303]\n",
      " [0.0097757  0.00008271 0.01482701 0.02066351 0.02583682 0.01547162\n",
      "  0.8901297  0.00065636 0.00554776 0.01700875]\n",
      " [0.02735033 0.05361033 0.04143051 0.09255923 0.00874145 0.10838949\n",
      "  0.02690184 0.01172462 0.49149716 0.13779502]\n",
      " [0.0195046  0.00788746 0.00314938 0.11661222 0.11661778 0.1776942\n",
      "  0.11955882 0.09206575 0.06256674 0.28434312]\n",
      " [0.0051525  0.00139417 0.9408701  0.01354235 0.00158118 0.000495\n",
      "  0.02776893 0.00008399 0.00812296 0.00098876]\n",
      " [0.00443095 0.00173936 0.00469331 0.03074707 0.06992576 0.06130277\n",
      "  0.00427274 0.22875081 0.13464987 0.4594874 ]\n",
      " [0.00049689 0.9283158  0.01006832 0.01144655 0.00323213 0.00216014\n",
      "  0.00788378 0.00565485 0.0185403  0.01220125]\n",
      " [0.01801595 0.00176798 0.32800722 0.06143799 0.14659452 0.04427767\n",
      "  0.3536312  0.00076823 0.0272091  0.01829013]\n",
      " [0.00028775 0.91083837 0.00340556 0.0159638  0.00633869 0.00437933\n",
      "  0.00249893 0.01582483 0.02147435 0.01898831]\n",
      " [0.01632272 0.01198847 0.01467103 0.02451264 0.38023967 0.02573448\n",
      "  0.01414356 0.11956035 0.05826915 0.33455798]\n",
      " [0.02336007 0.00171771 0.01573149 0.30216673 0.00890241 0.21376579\n",
      "  0.18825291 0.03762444 0.14069726 0.06778108]\n",
      " [0.03254899 0.00273854 0.04136833 0.02849104 0.28100318 0.14905272\n",
      "  0.1141967  0.03796528 0.07414792 0.23848727]\n",
      " [0.06852554 0.05402625 0.06795944 0.21646135 0.00819827 0.17385949\n",
      "  0.02282153 0.0966628  0.27195832 0.01952705]\n",
      " [0.00518775 0.0956687  0.06371685 0.17275472 0.03532375 0.042066\n",
      "  0.03670535 0.13523173 0.23653995 0.17680515]\n",
      " [0.022891   0.00008988 0.00071922 0.0010043  0.8255202  0.01475817\n",
      "  0.07937419 0.00111376 0.00637244 0.04815678]\n",
      " [0.00692649 0.00357614 0.00133827 0.20634255 0.0029645  0.03012819\n",
      "  0.00012569 0.6537922  0.05694214 0.0378638 ]\n",
      " [0.00592373 0.00731592 0.6387475  0.11856879 0.00456886 0.01452488\n",
      "  0.02638912 0.04837946 0.11495824 0.02062345]\n",
      " [0.00455662 0.25702235 0.19037384 0.02703127 0.12441526 0.01818561\n",
      "  0.28494123 0.00344155 0.05127731 0.03875496]\n",
      " [0.00215532 0.00662449 0.00610492 0.00709233 0.25706667 0.06530336\n",
      "  0.0350966  0.05734363 0.04857796 0.5146348 ]\n",
      " [0.08131561 0.00036982 0.10438249 0.0231641  0.08512613 0.1023511\n",
      "  0.5386444  0.0087168  0.01482505 0.04110444]\n",
      " [0.10544344 0.00024732 0.0458229  0.07491668 0.04127581 0.09235597\n",
      "  0.5546992  0.01157013 0.01684443 0.05682407]\n",
      " [0.0171182  0.02038805 0.05610202 0.10604079 0.02542227 0.11526749\n",
      "  0.01713468 0.14480898 0.3860842  0.11163334]\n",
      " [0.00413668 0.00624274 0.14688289 0.02084318 0.02275306 0.03022848\n",
      "  0.74831945 0.00014097 0.00926118 0.01119137]\n",
      " [0.22021666 0.00007506 0.02314668 0.0323263  0.13170987 0.21724056\n",
      "  0.31968355 0.00079854 0.02396204 0.03084068]\n",
      " [0.06206544 0.00046635 0.01704304 0.17101386 0.02075023 0.54233915\n",
      "  0.01032638 0.00532699 0.13831212 0.0323564 ]\n",
      " [0.63259166 0.00023289 0.07738324 0.04181285 0.01900638 0.0513138\n",
      "  0.1507936  0.00344119 0.01094083 0.01248351]\n",
      " [0.01145693 0.62416726 0.07807234 0.0289115  0.01567644 0.02452689\n",
      "  0.00923344 0.02029407 0.15076923 0.0368919 ]\n",
      " [0.00291561 0.03494975 0.5761704  0.24443552 0.0021742  0.03338305\n",
      "  0.02539458 0.00275982 0.06803534 0.00978184]\n",
      " [0.0034825  0.02181175 0.00798272 0.02901317 0.11307629 0.11919464\n",
      "  0.03324958 0.23635001 0.10095511 0.33488426]\n",
      " [0.0104299  0.18972616 0.08553617 0.19151045 0.01086027 0.06160761\n",
      "  0.02778072 0.01925205 0.35276777 0.05052883]\n",
      " [0.00327611 0.00271098 0.0018701  0.02507279 0.155848   0.03039429\n",
      "  0.00114032 0.19233689 0.32312456 0.26422605]\n",
      " [0.0108094  0.14714679 0.0276091  0.08215335 0.01943512 0.08989642\n",
      "  0.00599923 0.03549575 0.5185279  0.06292685]\n",
      " [0.01587324 0.0003914  0.06946963 0.01284623 0.29010177 0.00973082\n",
      "  0.5309936  0.00593044 0.00708936 0.05757357]\n",
      " [0.0013176  0.01070142 0.08115752 0.7294654  0.00061668 0.02542311\n",
      "  0.07969808 0.002687   0.06287237 0.00606074]\n",
      " [0.0908907  0.00012151 0.06528092 0.00693005 0.01382442 0.05443903\n",
      "  0.7547742  0.00045053 0.0039883  0.0093004 ]\n",
      " [0.03066201 0.00865578 0.02044575 0.00892419 0.4851571  0.03683135\n",
      "  0.15622216 0.01660146 0.04886981 0.18763041]\n",
      " [0.00061352 0.9064867  0.00903867 0.01626792 0.00084618 0.01165433\n",
      "  0.00641624 0.00890237 0.02077431 0.01899973]]\n"
     ]
    },
    {
     "name": "stdout",
     "output_type": "stream",
     "text": [
      "INFO:tensorflow:loss = 0.83387655, step = 2002\n",
      "INFO:tensorflow:Saving checkpoints for 2002 into D:\\深圳\\大岩\\项目\\intern-2018\\CNN\\estimator_mnist\\model.ckpt.\n",
      "INFO:tensorflow:Loss for final step: 0.83387655.\n"
     ]
    },
    {
     "data": {
      "text/plain": [
       "<tensorflow.python.estimator.estimator.Estimator at 0x1e536dfb3c8>"
      ]
     },
     "execution_count": 9,
     "metadata": {},
     "output_type": "execute_result"
    }
   ],
   "source": [
    "# Train the model\n",
    "train_input_fn = tf.estimator.inputs.numpy_input_fn(\n",
    "    x={\"x\": train_data},\n",
    "    y=train_labels,\n",
    "    batch_size=100,\n",
    "    num_epochs=None,\n",
    "    shuffle=True)\n",
    "\n",
    "# train one step and display the probabilties\n",
    "mnist_classifier.train(\n",
    "    input_fn=train_input_fn,\n",
    "    steps=1,\n",
    "    hooks=[logging_hook])"
   ]
  },
  {
   "cell_type": "code",
   "execution_count": 8,
   "metadata": {
    "scrolled": true
   },
   "outputs": [
    {
     "name": "stdout",
     "output_type": "stream",
     "text": [
      "INFO:tensorflow:Calling model_fn.\n",
      "INFO:tensorflow:Done calling model_fn.\n",
      "INFO:tensorflow:Create CheckpointSaverHook.\n",
      "INFO:tensorflow:Graph was finalized.\n",
      "INFO:tensorflow:Restoring parameters from D:\\深圳\\大岩\\项目\\intern-2018\\CNN\\estimator_mnist\\model.ckpt-1\n",
      "INFO:tensorflow:Running local_init_op.\n",
      "INFO:tensorflow:Done running local_init_op.\n",
      "INFO:tensorflow:Saving checkpoints for 1 into D:\\深圳\\大岩\\项目\\intern-2018\\CNN\\estimator_mnist\\model.ckpt.\n",
      "INFO:tensorflow:loss = 2.3111615, step = 2\n",
      "INFO:tensorflow:global_step/sec: 5.73513\n",
      "INFO:tensorflow:loss = 2.2944481, step = 102 (17.436 sec)\n",
      "INFO:tensorflow:global_step/sec: 5.84841\n",
      "INFO:tensorflow:loss = 2.2911313, step = 202 (17.101 sec)\n",
      "INFO:tensorflow:global_step/sec: 6.01187\n",
      "INFO:tensorflow:loss = 2.260814, step = 302 (16.647 sec)\n",
      "INFO:tensorflow:global_step/sec: 5.82767\n",
      "INFO:tensorflow:loss = 2.2373242, step = 402 (17.146 sec)\n",
      "INFO:tensorflow:global_step/sec: 5.62465\n",
      "INFO:tensorflow:loss = 2.2413347, step = 502 (17.778 sec)\n",
      "INFO:tensorflow:global_step/sec: 5.72547\n",
      "INFO:tensorflow:loss = 2.1784754, step = 602 (17.464 sec)\n",
      "INFO:tensorflow:global_step/sec: 5.81993\n",
      "INFO:tensorflow:loss = 2.1910727, step = 702 (17.233 sec)\n",
      "INFO:tensorflow:global_step/sec: 5.53616\n",
      "INFO:tensorflow:loss = 2.1361678, step = 802 (18.013 sec)\n",
      "INFO:tensorflow:global_step/sec: 5.60045\n",
      "INFO:tensorflow:loss = 2.0888898, step = 902 (17.856 sec)\n",
      "INFO:tensorflow:global_step/sec: 5.24105\n",
      "INFO:tensorflow:loss = 1.980344, step = 1002 (19.079 sec)\n",
      "INFO:tensorflow:global_step/sec: 5.49312\n",
      "INFO:tensorflow:loss = 1.9396328, step = 1102 (18.205 sec)\n",
      "INFO:tensorflow:global_step/sec: 5.58472\n",
      "INFO:tensorflow:loss = 1.7652277, step = 1202 (17.906 sec)\n",
      "INFO:tensorflow:global_step/sec: 5.22415\n",
      "INFO:tensorflow:loss = 1.7156473, step = 1302 (19.142 sec)\n",
      "INFO:tensorflow:global_step/sec: 5.41435\n",
      "INFO:tensorflow:loss = 1.6395822, step = 1402 (18.502 sec)\n",
      "INFO:tensorflow:global_step/sec: 5.53935\n",
      "INFO:tensorflow:loss = 1.336962, step = 1502 (18.020 sec)\n",
      "INFO:tensorflow:global_step/sec: 5.45344\n",
      "INFO:tensorflow:loss = 1.2594645, step = 1602 (18.337 sec)\n",
      "INFO:tensorflow:global_step/sec: 5.595\n",
      "INFO:tensorflow:loss = 1.1572523, step = 1702 (17.876 sec)\n",
      "INFO:tensorflow:global_step/sec: 5.72572\n",
      "INFO:tensorflow:loss = 0.75673515, step = 1802 (17.462 sec)\n",
      "INFO:tensorflow:global_step/sec: 5.45922\n",
      "INFO:tensorflow:loss = 0.9128869, step = 1902 (18.320 sec)\n",
      "INFO:tensorflow:Saving checkpoints for 2001 into D:\\深圳\\大岩\\项目\\intern-2018\\CNN\\estimator_mnist\\model.ckpt.\n",
      "INFO:tensorflow:Loss for final step: 0.7819637.\n"
     ]
    },
    {
     "data": {
      "text/plain": [
       "<tensorflow.python.estimator.estimator.Estimator at 0x2a3362375f8>"
      ]
     },
     "execution_count": 8,
     "metadata": {},
     "output_type": "execute_result"
    }
   ],
   "source": [
    "mnist_classifier.train(input_fn=train_input_fn, steps=2000)"
   ]
  },
  {
   "cell_type": "code",
   "execution_count": 13,
   "metadata": {},
   "outputs": [
    {
     "name": "stdout",
     "output_type": "stream",
     "text": [
      "INFO:tensorflow:Calling model_fn.\n",
      "INFO:tensorflow:Done calling model_fn.\n",
      "INFO:tensorflow:Starting evaluation at 2019-02-27-06:20:10\n",
      "INFO:tensorflow:Graph was finalized.\n",
      "INFO:tensorflow:Restoring parameters from D:\\深圳\\大岩\\项目\\intern-2018\\CNN\\estimator_mnist\\model.ckpt-2001\n",
      "INFO:tensorflow:Running local_init_op.\n",
      "INFO:tensorflow:Done running local_init_op.\n",
      "INFO:tensorflow:Finished evaluation at 2019-02-27-06:20:15\n",
      "INFO:tensorflow:Saving dict for global step 2001: accuracy = 0.8354, global_step = 2001, loss = 0.70055634\n",
      "INFO:tensorflow:Saving 'checkpoint_path' summary for global step 2001: D:\\深圳\\大岩\\项目\\intern-2018\\CNN\\estimator_mnist\\model.ckpt-2001\n",
      "{'accuracy': 0.8354, 'loss': 0.70055634, 'global_step': 2001}\n"
     ]
    }
   ],
   "source": [
    "eval_input_fn = tf.estimator.inputs.numpy_input_fn(\n",
    "    x={\"x\": eval_data},\n",
    "    y=eval_labels,\n",
    "    num_epochs=1,\n",
    "    shuffle=False)\n",
    "\n",
    "eval_results = mnist_classifier.evaluate(input_fn=eval_input_fn)\n",
    "print(eval_results)"
   ]
  },
  {
   "cell_type": "markdown",
   "metadata": {},
   "source": [
    "tensorboard默认写入了一些scalar，但需要手动调整的怎么修改？还是说计算过的scalar就自动会存下来。"
   ]
  }
 ],
 "metadata": {
  "kernelspec": {
   "display_name": "Python 3(tensorflow)",
   "language": "python",
   "name": "python3"
  },
  "language_info": {
   "codemirror_mode": {
    "name": "ipython",
    "version": 3
   },
   "file_extension": ".py",
   "mimetype": "text/x-python",
   "name": "python",
   "nbconvert_exporter": "python",
   "pygments_lexer": "ipython3",
   "version": "3.6.7"
  }
 },
 "nbformat": 4,
 "nbformat_minor": 2
}
