{
 "cells": [
  {
   "cell_type": "markdown",
   "metadata": {},
   "source": [
    "Two essential practices from the paper:First, we created a new, general set of elastic distortions that vastly expanded the size of the training set. Second, we used convolutional neural networks.\n",
    "\n",
    "Prerequisite: If the data is scarce and if the distribution to be learned has transformation-invariance properties, generating additional data using transformations may even improve performance.\n",
    "\n",
    "Affine distortion(仿射变换）:translate,rotation and skew..\n",
    "\n",
    "Elastic deformation(弹性形变):\n",
    "\n",
    "Two loss functions: Cross-entropy and MSE\n",
    "\n",
    "We avoided using momentum, weight decay, structure-dependent learning rates, extra padding around the inputs, and averaging instead of subsampling.\n",
    "\n",
    "Set initial weights to small random values(with std=0.05). Set lr=0.005 and multiply it by 0.3 every 100 epochs. No batch."
   ]
  },
  {
   "cell_type": "code",
   "execution_count": 1,
   "metadata": {},
   "outputs": [],
   "source": [
    "from __future__ import absolute_import, division, print_function\n",
    "\n",
    "import tensorflow as tf\n",
    "import numpy as np\n",
    "\n",
    "tf.logging.set_verbosity(tf.logging.INFO)\n",
    "#Sets the threshold for what messages will be logged. message level: 'FATAL','ERROR','WARN','INFO','DEBUG'\n",
    "PATH = \"D:\\深圳\\大岩\\项目\\intern-2018\\CNN\\huqy\\simard\""
   ]
  },
  {
   "cell_type": "markdown",
   "metadata": {},
   "source": [
    "### Architectures 1: A fully connected network with two layers."
   ]
  },
  {
   "cell_type": "markdown",
   "metadata": {},
   "source": [
    "### Architectures 2: A CNN with.\n",
    "<br />--> Input(28x28x1) Preprocessing to (29x29x1)\n",
    "<br />--> Convolution layer1(13x13x5 with kernel size 5, stride 2 and no padding) \n",
    "<br />--> Convolution layer2(5x5x50 with kernel szie 5, stride 2 and no padding)\n",
    "<br />--> Full connected layer1(100 hidden units)\n",
    "<br />--> Full connected layer2(10 output units)"
   ]
  },
  {
   "cell_type": "code",
   "execution_count": 2,
   "metadata": {
    "scrolled": false
   },
   "outputs": [
    {
     "name": "stdout",
     "output_type": "stream",
     "text": [
      "INFO:tensorflow:Using default config.\n",
      "INFO:tensorflow:Using config: {'_model_dir': 'D:\\\\深圳\\\\大岩\\\\项目\\\\intern-2018\\\\CNN\\\\huqy\\\\simard', '_tf_random_seed': None, '_save_summary_steps': 100, '_save_checkpoints_steps': None, '_save_checkpoints_secs': 600, '_session_config': allow_soft_placement: true\n",
      "graph_options {\n",
      "  rewrite_options {\n",
      "    meta_optimizer_iterations: ONE\n",
      "  }\n",
      "}\n",
      ", '_keep_checkpoint_max': 5, '_keep_checkpoint_every_n_hours': 10000, '_log_step_count_steps': 100, '_train_distribute': None, '_device_fn': None, '_protocol': None, '_eval_distribute': None, '_experimental_distribute': None, '_service': None, '_cluster_spec': <tensorflow.python.training.server_lib.ClusterSpec object at 0x0000027CFFFC0940>, '_task_type': 'worker', '_task_id': 0, '_global_id_in_cluster': 0, '_master': '', '_evaluation_master': '', '_is_chief': True, '_num_ps_replicas': 0, '_num_worker_replicas': 1}\n"
     ]
    }
   ],
   "source": [
    "def simard_model_fn(features, labels, mode):\n",
    "    \"\"\"Model function of simple cnn from Simard(2003)\"\"\"\n",
    "    # Input Layer\n",
    "    input_layer = tf.reshape(features[\"x\"], [-1, 29, 29, 1])\n",
    "    # For black-and-white photo with 29 * 29 pixels --mnist\n",
    "    \n",
    "    # Convolutional Layer #1 convert 29 * 29 * 1 to 13 * 13 * 5\n",
    "    conv1 = tf.layers.conv2d(\n",
    "        inputs=input_layer,\n",
    "        strides=2,\n",
    "        filters=5,\n",
    "        kernel_size=[5,5],\n",
    "        padding=\"valid\",\n",
    "        #kernel_initializer=tf.truncated_normal_initializer(stddev=0.005),\n",
    "        activation=tf.nn.relu)\n",
    "    # print(conv1.shape)\n",
    "    # Convolutional Layers #2 convert 13 * 13 * 5 to 5 * 5 * 50\n",
    "    conv2 = tf.layers.conv2d(\n",
    "        inputs=conv1,\n",
    "        strides=2,\n",
    "        filters=50,\n",
    "        kernel_size=[5, 5],\n",
    "        padding=\"valid\",\n",
    "        #kernel_initializer=tf.truncated_normal_initializer(stddev=0.005),\n",
    "        activation=tf.nn.relu)\n",
    "    # print(conv2.shape)\n",
    "    # Dense Layer\n",
    "    conv2_flat = tf.reshape(conv2, [-1, 5 * 5 * 50])\n",
    "    dense = tf.layers.dense(inputs=conv2_flat,\n",
    "                            #kernel_initializer=tf.truncated_normal_initializer(stddev=0.005),\n",
    "                            units=100, activation=tf.nn.relu)\n",
    "    # print(dense.shape)\n",
    "    # Logits Layer\n",
    "    logits = tf.layers.dense(inputs=dense,\n",
    "                             #kernel_initializer=tf.truncated_normal_initializer(stddev=0.005),\n",
    "                             units=10)\n",
    "    # print(logits.shape)\n",
    "    \n",
    "    predictions = {\n",
    "        # Generate predictions (for PREDICT and EVAL mode)\n",
    "        \"classes\": tf.argmax(input=logits, axis=1),\n",
    "        # Add 'softmax_tensor' to the graph. It is used for PREDICT and by the \n",
    "        # 'logging_hook'\n",
    "        \"probabilities\": tf.nn.softmax(logits, name=\"softmax_tensor\")\n",
    "    }\n",
    "    \n",
    "    if mode == tf.estimator.ModeKeys.PREDICT:\n",
    "        return tf.estimator.EstimatorSpec(mode=mode, predictions=predicitons)\n",
    "    \n",
    "    # Calculate Loss using Cross-Entropy(for both TRAIN and EVAL modes)\n",
    "    loss = tf.losses.sparse_softmax_cross_entropy(labels=labels, logits=logits)\n",
    "    \n",
    "    # Configure the Training Op (for TRAIN mode)\n",
    "    lr = 0.05\n",
    "    if mode == tf.estimator.ModeKeys.TRAIN:\n",
    "        step = tf.train.get_or_create_global_step()\n",
    "        # test for 1 step with batchsize 100 for 600 epochs.\n",
    "        boundaries = [1000, 2000, 3000, 4000, 5000]\n",
    "        values = [lr, lr*0.3, lr*0.09, lr*0.027, lr*0.0081, lr*0.00243]\n",
    "        lr = tf.train.piecewise_constant(step, boundaries, values)\n",
    "        optimizer = tf.train.GradientDescentOptimizer(learning_rate=lr)\n",
    "        train_op = optimizer.minimize(\n",
    "            loss=loss,\n",
    "            global_step=tf.train.get_global_step())\n",
    "        return tf.estimator.EstimatorSpec(mode=mode, loss=loss, train_op=train_op)\n",
    "    \n",
    "    # Add evaluation metrics (for EVAL mode)\n",
    "    eval_metric_ops = {\n",
    "      \"accuracy\": tf.metrics.accuracy(\n",
    "          labels=labels, predictions=predictions[\"classes\"])\n",
    "    }\n",
    "    \n",
    "    return tf.estimator.EstimatorSpec(\n",
    "        mode=mode, loss=loss, eval_metric_ops=eval_metric_ops)\n",
    "\n",
    "# Create the estimator\n",
    "mnist_classifier = tf.estimator.Estimator(\n",
    "    model_fn=simard_model_fn, model_dir=PATH)"
   ]
  },
  {
   "cell_type": "markdown",
   "metadata": {},
   "source": [
    "### Preprocessing data\n",
    "1. Convert from 28\\*28\\*1 to 29\\*29\\*1\n",
    "\n",
    "2. Affline distortion\n",
    "\n",
    "3. Elastic deformation"
   ]
  },
  {
   "cell_type": "code",
   "execution_count": 3,
   "metadata": {},
   "outputs": [],
   "source": [
    "# Load traing and eval data \n",
    "# Preprocessing the training data using affine and elastic\n",
    "((train_data, train_labels),\n",
    "(eval_data, eval_labels)) = tf.keras.datasets.mnist.load_data()\n",
    "\n",
    "train_data = train_data/np.float32(255)\n",
    "train_labels = train_labels.astype(np.int32)  # not required\n",
    "\n",
    "eval_data = eval_data/np.float32(255)\n",
    "eval_labels = eval_labels.astype(np.int32)  # not required\n"
   ]
  },
  {
   "cell_type": "code",
   "execution_count": 4,
   "metadata": {},
   "outputs": [],
   "source": [
    "# Step1: convert from 28 * 28 to 29 * 29 \n",
    "def prep1(mat, size=28):\n",
    "    ret = np.zeros((mat.shape[0],mat.shape[1]+1,mat.shape[2]+1))\n",
    "    for i in range(mat.shape[0]):\n",
    "        temp = np.vstack((np.zeros((1,size)),mat[i]))\n",
    "        ret[i] = np.hstack((temp,np.zeros((size+1,1))))\n",
    "    return ret\n",
    "train_data = prep1(train_data)\n",
    "eval_data = prep1(eval_data)"
   ]
  },
  {
   "cell_type": "code",
   "execution_count": null,
   "metadata": {},
   "outputs": [],
   "source": []
  },
  {
   "cell_type": "code",
   "execution_count": null,
   "metadata": {},
   "outputs": [],
   "source": []
  },
  {
   "cell_type": "code",
   "execution_count": 5,
   "metadata": {},
   "outputs": [],
   "source": [
    "# Set up logging for predictions\n",
    "tensor_to_log = {\"probabilities\": \"softmax_tensor\"}\n",
    "\n",
    "logging_hook = tf.train.LoggingTensorHook(tensors=tensor_to_log, every_n_iter=50)"
   ]
  },
  {
   "cell_type": "code",
   "execution_count": 11,
   "metadata": {
    "collapsed": true
   },
   "outputs": [
    {
     "name": "stdout",
     "output_type": "stream",
     "text": [
      "INFO:tensorflow:Calling model_fn.\n",
      "INFO:tensorflow:Done calling model_fn.\n",
      "INFO:tensorflow:Create CheckpointSaverHook.\n",
      "INFO:tensorflow:Graph was finalized.\n",
      "INFO:tensorflow:Restoring parameters from D:\\深圳\\大岩\\项目\\intern-2018\\CNN\\huqy\\simard\\model.ckpt-2000\n",
      "INFO:tensorflow:Running local_init_op.\n",
      "INFO:tensorflow:Done running local_init_op.\n",
      "INFO:tensorflow:Saving checkpoints for 2000 into D:\\深圳\\大岩\\项目\\intern-2018\\CNN\\huqy\\simard\\model.ckpt.\n",
      "INFO:tensorflow:probabilities = [[0.09972279 0.10105943 0.09996591 0.10013256 0.09993591 0.09938117\n",
      "  0.09993958 0.1001669  0.09972437 0.09997139]\n",
      " [0.09972278 0.10105929 0.09996612 0.10013255 0.099936   0.09938105\n",
      "  0.09993965 0.10016697 0.09972438 0.09997121]\n",
      " [0.09972289 0.1010593  0.09996601 0.10013257 0.09993588 0.09938097\n",
      "  0.09993966 0.10016698 0.09972438 0.09997136]\n",
      " [0.09972291 0.1010593  0.09996608 0.10013254 0.09993602 0.09938103\n",
      "  0.09993959 0.10016691 0.09972432 0.09997132]\n",
      " [0.09972298 0.10105918 0.099966   0.10013276 0.09993582 0.09938113\n",
      "  0.09993982 0.1001669  0.09972425 0.09997116]\n",
      " [0.09972273 0.10105935 0.09996587 0.10013269 0.09993582 0.09938122\n",
      "  0.09993958 0.10016695 0.09972435 0.09997144]\n",
      " [0.09972306 0.10105932 0.09996615 0.1001326  0.09993589 0.09938103\n",
      "  0.09993961 0.10016695 0.09972429 0.09997109]\n",
      " [0.09972287 0.10105936 0.0999659  0.10013275 0.09993573 0.09938103\n",
      "  0.09993961 0.10016702 0.09972435 0.09997138]\n",
      " [0.09972277 0.10105923 0.09996609 0.10013259 0.09993603 0.09938091\n",
      "  0.09993959 0.10016711 0.09972445 0.09997125]\n",
      " [0.099723   0.10105918 0.09996601 0.10013271 0.09993585 0.09938095\n",
      "  0.09993949 0.10016711 0.09972443 0.09997126]\n",
      " [0.09972281 0.10105934 0.09996597 0.10013255 0.09993588 0.09938118\n",
      "  0.0999396  0.10016687 0.09972441 0.09997139]\n",
      " [0.09972284 0.10105938 0.09996584 0.10013257 0.09993593 0.09938103\n",
      "  0.09993954 0.10016699 0.09972448 0.09997141]\n",
      " [0.09972278 0.10105934 0.09996591 0.10013264 0.09993574 0.09938123\n",
      "  0.09993959 0.10016691 0.09972447 0.09997139]\n",
      " [0.09972271 0.10105923 0.09996591 0.10013254 0.09993597 0.09938119\n",
      "  0.09993958 0.10016697 0.09972447 0.09997142]\n",
      " [0.09972296 0.1010592  0.09996604 0.10013282 0.09993568 0.09938108\n",
      "  0.09993966 0.10016693 0.09972446 0.09997119]\n",
      " [0.09972282 0.10105934 0.09996603 0.10013262 0.0999359  0.09938111\n",
      "  0.09993962 0.10016692 0.09972437 0.09997127]\n",
      " [0.09972285 0.10105938 0.09996594 0.10013258 0.09993602 0.09938116\n",
      "  0.09993957 0.10016689 0.0997243  0.09997131]\n",
      " [0.09972283 0.10105923 0.09996595 0.10013251 0.09993594 0.09938118\n",
      "  0.09993968 0.1001669  0.09972446 0.09997132]\n",
      " [0.09972289 0.10105931 0.09996601 0.10013255 0.09993576 0.09938088\n",
      "  0.09993956 0.10016712 0.09972452 0.0999714 ]\n",
      " [0.09972288 0.10105922 0.09996603 0.10013263 0.09993589 0.09938099\n",
      "  0.09993975 0.10016695 0.09972443 0.09997123]\n",
      " [0.09972286 0.10105925 0.09996599 0.10013263 0.09993583 0.09938112\n",
      "  0.09993971 0.10016699 0.09972436 0.09997126]\n",
      " [0.09972281 0.10105944 0.09996587 0.10013263 0.09993577 0.09938111\n",
      "  0.09993959 0.10016699 0.09972442 0.09997136]\n",
      " [0.09972281 0.10105935 0.09996593 0.10013262 0.09993579 0.09938111\n",
      "  0.09993956 0.10016695 0.09972446 0.09997143]\n",
      " [0.09972281 0.10105942 0.09996591 0.10013265 0.0999358  0.09938114\n",
      "  0.09993957 0.10016699 0.09972433 0.09997138]\n",
      " [0.09972301 0.10105926 0.09996604 0.10013252 0.099936   0.0993809\n",
      "  0.09993951 0.10016694 0.09972446 0.09997136]\n",
      " [0.09972284 0.10105935 0.09996593 0.10013257 0.09993585 0.09938102\n",
      "  0.09993957 0.10016706 0.09972442 0.09997141]\n",
      " [0.09972282 0.10105928 0.09996599 0.10013253 0.09993589 0.09938111\n",
      "  0.09993967 0.10016706 0.09972437 0.09997128]\n",
      " [0.09972288 0.10105935 0.09996589 0.10013266 0.09993577 0.09938122\n",
      "  0.09993957 0.10016688 0.09972434 0.09997143]\n",
      " [0.0997228  0.1010594  0.0999659  0.10013259 0.09993577 0.09938107\n",
      "  0.09993962 0.10016709 0.09972435 0.09997141]\n",
      " [0.09972283 0.1010594  0.09996586 0.10013264 0.09993564 0.09938103\n",
      "  0.09993959 0.10016713 0.09972443 0.09997145]\n",
      " [0.09972291 0.10105941 0.09996602 0.10013261 0.09993582 0.09938111\n",
      "  0.09993971 0.10016687 0.09972428 0.09997126]\n",
      " [0.09972297 0.10105915 0.09996601 0.10013264 0.09993589 0.09938114\n",
      "  0.09993978 0.10016687 0.09972436 0.09997119]\n",
      " [0.09972283 0.10105936 0.09996589 0.10013267 0.09993587 0.0993811\n",
      "  0.0999396  0.10016702 0.09972435 0.09997131]\n",
      " [0.09972279 0.10105928 0.09996591 0.10013266 0.09993588 0.0993812\n",
      "  0.09993983 0.10016688 0.09972433 0.09997123]\n",
      " [0.09972283 0.10105925 0.09996605 0.10013264 0.09993588 0.09938089\n",
      "  0.09993963 0.10016713 0.09972436 0.09997135]\n",
      " [0.09972288 0.10105925 0.09996601 0.10013264 0.09993593 0.09938103\n",
      "  0.09993962 0.100167   0.09972434 0.09997128]\n",
      " [0.09972282 0.10105933 0.09996592 0.10013259 0.09993598 0.09938111\n",
      "  0.09993959 0.10016689 0.09972442 0.09997134]\n",
      " [0.09972289 0.10105929 0.09996608 0.10013266 0.09993586 0.09938092\n",
      "  0.0999397  0.10016697 0.09972434 0.09997129]\n",
      " [0.09972293 0.10105925 0.09996595 0.10013264 0.09993584 0.09938102\n",
      "  0.0999398  0.10016691 0.09972439 0.09997127]\n",
      " [0.09972289 0.10105938 0.09996595 0.10013252 0.09993589 0.09938107\n",
      "  0.09993966 0.10016696 0.0997243  0.09997137]\n",
      " [0.09972285 0.10105944 0.09996588 0.1001325  0.09993577 0.09938104\n",
      "  0.09993964 0.10016703 0.09972441 0.09997142]\n",
      " [0.09972295 0.10105913 0.09996599 0.10013268 0.09993592 0.09938121\n",
      "  0.09993974 0.10016686 0.09972431 0.09997121]\n",
      " [0.09972301 0.10105911 0.09996602 0.10013265 0.09993591 0.09938115\n",
      "  0.09993974 0.10016689 0.09972433 0.0999712 ]\n",
      " [0.09972281 0.10105917 0.09996606 0.10013265 0.09993574 0.09938102\n",
      "  0.09993963 0.10016705 0.09972459 0.09997128]\n",
      " [0.09972281 0.10105937 0.09996599 0.10013247 0.09993582 0.09938114\n",
      "  0.09993955 0.10016696 0.09972444 0.09997145]\n",
      " [0.09972277 0.1010593  0.09996612 0.10013256 0.09993592 0.09938099\n",
      "  0.0999396  0.10016706 0.09972438 0.0999713 ]\n",
      " [0.09972283 0.10105932 0.09996593 0.10013255 0.09993572 0.09938117\n",
      "  0.0999396  0.10016704 0.09972446 0.0999714 ]\n",
      " [0.09972269 0.10105917 0.09996595 0.10013259 0.09993598 0.09938118\n",
      "  0.09993958 0.10016699 0.09972442 0.09997145]\n",
      " [0.09972277 0.10105944 0.09996594 0.10013264 0.09993584 0.09938112\n",
      "  0.09993958 0.10016697 0.09972435 0.09997136]\n",
      " [0.0997229  0.10105937 0.09996585 0.10013264 0.09993569 0.09938103\n",
      "  0.09993958 0.100167   0.09972446 0.09997147]\n",
      " [0.09972275 0.10105927 0.09996588 0.10013262 0.09993593 0.09938105\n",
      "  0.09993958 0.10016706 0.09972446 0.09997139]\n",
      " [0.09972283 0.1010593  0.09996586 0.10013269 0.09993574 0.09938116\n",
      "  0.09993958 0.10016696 0.0997244  0.09997148]\n",
      " [0.09972279 0.10105943 0.09996588 0.10013253 0.09993583 0.09938115\n",
      "  0.09993967 0.100167   0.09972441 0.09997132]\n",
      " [0.09972288 0.10105939 0.09996588 0.10013271 0.09993574 0.09938102\n",
      "  0.09993962 0.10016704 0.09972438 0.09997133]\n",
      " [0.09972282 0.10105925 0.09996594 0.10013249 0.09993594 0.09938112\n",
      "  0.09993964 0.10016696 0.09972444 0.0999714 ]\n",
      " [0.09972276 0.10105927 0.09996595 0.10013259 0.09993582 0.09938108\n",
      "  0.09993968 0.10016702 0.09972442 0.09997141]\n",
      " [0.09972281 0.10105916 0.09996588 0.10013266 0.09993579 0.09938128\n",
      "  0.09993965 0.10016688 0.09972452 0.09997135]\n",
      " [0.09972282 0.10105937 0.09996592 0.10013267 0.09993579 0.09938113\n",
      "  0.09993963 0.10016699 0.09972438 0.0999713 ]\n",
      " [0.09972282 0.10105931 0.099966   0.10013263 0.09993582 0.09938108\n",
      "  0.09993977 0.10016692 0.09972438 0.09997126]\n",
      " [0.09972294 0.10105939 0.099966   0.10013261 0.09993575 0.09938111\n",
      "  0.09993982 0.10016693 0.09972419 0.09997127]\n",
      " [0.09972282 0.10105946 0.09996598 0.10013256 0.09993578 0.09938097\n",
      "  0.09993959 0.10016703 0.09972441 0.09997141]\n",
      " [0.09972284 0.10105931 0.09996599 0.10013259 0.09993595 0.09938109\n",
      "  0.09993957 0.10016689 0.09972441 0.09997136]\n",
      " [0.09972292 0.10105928 0.09996592 0.10013272 0.09993575 0.09938122\n",
      "  0.09993976 0.1001669  0.09972434 0.09997119]\n",
      " [0.09972278 0.10105938 0.09996595 0.10013274 0.09993586 0.09938116\n",
      "  0.09993955 0.10016698 0.09972433 0.09997126]\n",
      " [0.09972289 0.1010594  0.0999658  0.10013276 0.09993564 0.09938104\n",
      "  0.09993957 0.10016706 0.09972443 0.09997142]\n",
      " [0.09972283 0.1010594  0.09996594 0.10013275 0.0999358  0.09938105\n",
      "  0.09993957 0.10016704 0.09972433 0.09997129]\n",
      " [0.09972287 0.10105931 0.09996599 0.10013267 0.09993581 0.09938095\n",
      "  0.09993955 0.10016707 0.09972442 0.09997137]\n",
      " [0.09972298 0.10105915 0.09996615 0.10013265 0.09993598 0.09938104\n",
      "  0.09993967 0.10016686 0.09972429 0.09997122]\n",
      " [0.09972286 0.1010594  0.099966   0.10013257 0.09993591 0.09938107\n",
      "  0.0999396  0.10016693 0.09972434 0.09997131]\n",
      " [0.09972287 0.10105918 0.09996599 0.10013264 0.09993593 0.09938106\n",
      "  0.09993961 0.10016711 0.09972432 0.0999713 ]\n",
      " [0.09972293 0.10105929 0.09996601 0.10013274 0.09993575 0.09938119\n",
      "  0.09993967 0.10016693 0.09972436 0.09997114]\n",
      " [0.09972285 0.10105941 0.09996592 0.10013267 0.09993575 0.09938113\n",
      "  0.09993965 0.10016698 0.09972429 0.09997135]\n",
      " [0.09972283 0.1010593  0.09996599 0.1001325  0.09993582 0.0993811\n",
      "  0.09993971 0.10016693 0.09972438 0.09997144]\n",
      " [0.09972278 0.10105927 0.09996606 0.10013261 0.0999358  0.09938095\n",
      "  0.09993964 0.10016708 0.09972441 0.09997139]\n",
      " [0.09972279 0.10105925 0.09996603 0.10013266 0.09993571 0.09938107\n",
      "  0.09993961 0.10016706 0.09972444 0.09997138]\n",
      " [0.09972279 0.10105925 0.09996588 0.10013263 0.09993574 0.0993813\n",
      "  0.09993956 0.10016695 0.0997245  0.09997139]\n",
      " [0.09972276 0.1010593  0.09996588 0.10013251 0.09993592 0.09938124\n",
      "  0.09993972 0.10016688 0.09972437 0.09997142]\n",
      " [0.09972282 0.10105942 0.09996602 0.10013244 0.099936   0.09938115\n",
      "  0.09993959 0.10016691 0.09972429 0.09997135]\n",
      " [0.09972285 0.10105935 0.09996608 0.1001325  0.09993582 0.09938107\n",
      "  0.0999397  0.10016692 0.09972437 0.09997135]\n",
      " [0.09972292 0.10105927 0.09996596 0.10013279 0.0999357  0.09938108\n",
      "  0.09993971 0.10016703 0.09972435 0.09997119]\n",
      " [0.09972276 0.10105942 0.09996589 0.10013264 0.09993576 0.09938111\n",
      "  0.09993961 0.100167   0.09972438 0.09997142]\n",
      " [0.09972279 0.10105928 0.09996607 0.1001326  0.09993585 0.0993811\n",
      "  0.09993967 0.10016696 0.09972433 0.09997135]\n",
      " [0.09972284 0.10105927 0.09996607 0.10013258 0.09993579 0.09938137\n",
      "  0.09993958 0.1001668  0.09972439 0.09997132]\n",
      " [0.0997229  0.10105929 0.09996596 0.10013266 0.09993586 0.09938119\n",
      "  0.09993986 0.10016684 0.09972431 0.09997114]\n",
      " [0.0997229  0.10105922 0.09996596 0.10013259 0.09993601 0.09938118\n",
      "  0.09993973 0.10016685 0.09972432 0.09997125]\n",
      " [0.0997227  0.10105927 0.09996594 0.10013259 0.09993592 0.09938122\n",
      "  0.09993951 0.1001669  0.09972453 0.09997144]\n",
      " [0.0997229  0.10105927 0.09996597 0.10013264 0.09993575 0.09938103\n",
      "  0.09993957 0.10016706 0.09972448 0.09997134]\n",
      " [0.0997229  0.10105922 0.09996592 0.10013266 0.09993579 0.09938123\n",
      "  0.09993981 0.10016684 0.09972435 0.09997128]\n",
      " [0.09972278 0.10105925 0.09996595 0.10013262 0.09993589 0.09938107\n",
      "  0.09993954 0.10016695 0.09972452 0.09997142]\n",
      " [0.09972287 0.10105927 0.09996611 0.1001326  0.09993601 0.099381\n",
      "  0.09993955 0.100167   0.09972434 0.09997127]\n",
      " [0.09972282 0.10105913 0.09996607 0.1001325  0.09993603 0.09938125\n",
      "  0.09993967 0.10016687 0.09972439 0.09997127]\n",
      " [0.09972297 0.10105928 0.09996594 0.10013271 0.09993582 0.09938098\n",
      "  0.0999397  0.10016695 0.09972432 0.09997133]\n",
      " [0.09972285 0.10105939 0.09996602 0.10013257 0.09993577 0.09938094\n",
      "  0.09993958 0.1001671  0.0997244  0.09997139]\n",
      " [0.09972297 0.10105919 0.09996611 0.10013264 0.09993605 0.09938097\n",
      "  0.09993969 0.1001669  0.09972427 0.09997122]\n",
      " [0.09972274 0.10105933 0.09996589 0.10013265 0.09993586 0.09938103\n",
      "  0.09993961 0.10016702 0.09972443 0.09997145]\n",
      " [0.09972291 0.10105919 0.09996609 0.10013262 0.09993588 0.09938094\n",
      "  0.09993969 0.10016697 0.0997244  0.09997132]\n",
      " [0.09972281 0.10105934 0.09996603 0.10013267 0.09993584 0.09938106\n",
      "  0.09993955 0.100167   0.09972439 0.09997132]\n",
      " [0.09972282 0.10105942 0.09996591 0.10013266 0.09993578 0.09938109\n",
      "  0.0999396  0.10016698 0.09972438 0.09997136]\n",
      " [0.09972272 0.10105934 0.09996595 0.10013267 0.09993589 0.09938113\n",
      "  0.0999396  0.10016698 0.09972435 0.09997135]\n",
      " [0.09972282 0.10105931 0.09996599 0.10013248 0.09993588 0.09938117\n",
      "  0.09993962 0.10016687 0.09972447 0.09997139]]\n"
     ]
    },
    {
     "name": "stdout",
     "output_type": "stream",
     "text": [
      "INFO:tensorflow:loss = 2.302539348602295, step = 2001\n",
      "INFO:tensorflow:Saving checkpoints for 2001 into D:\\深圳\\大岩\\项目\\intern-2018\\CNN\\huqy\\simard\\model.ckpt.\n",
      "INFO:tensorflow:Loss for final step: 2.302539348602295.\n"
     ]
    },
    {
     "data": {
      "text/plain": [
       "<tensorflow.python.estimator.estimator.Estimator at 0x224361c0588>"
      ]
     },
     "execution_count": 11,
     "metadata": {},
     "output_type": "execute_result"
    }
   ],
   "source": [
    "# Train the model\n",
    "train_input_fn_fortest = tf.estimator.inputs.numpy_input_fn(\n",
    "    x={\"x\":train_data},\n",
    "    y=train_labels,\n",
    "    batch_size=100,\n",
    "    num_epochs=None,\n",
    "    shuffle=True)\n",
    "\n",
    "# Train one step and display the probabilties\n",
    "mnist_classifier.train(\n",
    "    input_fn=train_input_fn_fortest,\n",
    "    steps=1,\n",
    "    hooks=[logging_hook])"
   ]
  },
  {
   "cell_type": "markdown",
   "metadata": {},
   "source": [
    "### Train and evaluate"
   ]
  },
  {
   "cell_type": "code",
   "execution_count": 5,
   "metadata": {
    "scrolled": true
   },
   "outputs": [],
   "source": [
    "# Train the model with paper's methods, which is \"No batch, decay learning rate, assume 1000 steps in total, decay six times\" \n",
    "train_input_fn = tf.estimator.inputs.numpy_input_fn(\n",
    "    x={\"x\":train_data},\n",
    "    y=train_labels,\n",
    "    batch_size=100,\n",
    "    num_epochs=None,\n",
    "    shuffle=True)\n",
    "\n",
    "eval_input_fn = tf.estimator.inputs.numpy_input_fn(\n",
    "    x={\"x\": eval_data},\n",
    "    y=eval_labels,\n",
    "    num_epochs=1,\n",
    "    shuffle=False)"
   ]
  },
  {
   "cell_type": "code",
   "execution_count": 8,
   "metadata": {
    "scrolled": true
   },
   "outputs": [
    {
     "name": "stdout",
     "output_type": "stream",
     "text": [
      "INFO:tensorflow:Calling model_fn.\n",
      "INFO:tensorflow:Done calling model_fn.\n",
      "INFO:tensorflow:Create CheckpointSaverHook.\n",
      "INFO:tensorflow:Graph was finalized.\n",
      "INFO:tensorflow:Restoring parameters from D:\\深圳\\大岩\\项目\\intern-2018\\CNN\\huqy\\simard\\model.ckpt-4000\n",
      "INFO:tensorflow:Running local_init_op.\n",
      "INFO:tensorflow:Done running local_init_op.\n",
      "INFO:tensorflow:Saving checkpoints for 4000 into D:\\深圳\\大岩\\项目\\intern-2018\\CNN\\huqy\\simard\\model.ckpt.\n",
      "INFO:tensorflow:loss = 0.07243160903453827, step = 4001\n",
      "INFO:tensorflow:global_step/sec: 73.3228\n",
      "INFO:tensorflow:loss = 0.15583758056163788, step = 4101 (1.379 sec)\n",
      "INFO:tensorflow:global_step/sec: 75.5544\n",
      "INFO:tensorflow:loss = 0.0998186469078064, step = 4201 (1.308 sec)\n",
      "INFO:tensorflow:global_step/sec: 76.2956\n",
      "INFO:tensorflow:loss = 0.0892363041639328, step = 4301 (1.326 sec)\n",
      "INFO:tensorflow:global_step/sec: 75.1727\n",
      "INFO:tensorflow:loss = 0.04817202314734459, step = 4401 (1.315 sec)\n",
      "INFO:tensorflow:global_step/sec: 75.4314\n",
      "INFO:tensorflow:loss = 0.0670328289270401, step = 4501 (1.326 sec)\n",
      "INFO:tensorflow:global_step/sec: 75.6814\n",
      "INFO:tensorflow:loss = 0.04736156389117241, step = 4601 (1.321 sec)\n",
      "INFO:tensorflow:global_step/sec: 75.5017\n",
      "INFO:tensorflow:loss = 0.0999729260802269, step = 4701 (1.340 sec)\n",
      "INFO:tensorflow:global_step/sec: 74.5667\n",
      "INFO:tensorflow:loss = 0.09967177361249924, step = 4801 (1.325 sec)\n",
      "INFO:tensorflow:global_step/sec: 75.1777\n",
      "INFO:tensorflow:loss = 0.06910313665866852, step = 4901 (1.330 sec)\n",
      "INFO:tensorflow:global_step/sec: 75.9688\n",
      "INFO:tensorflow:loss = 0.0404680036008358, step = 5001 (1.316 sec)\n",
      "INFO:tensorflow:global_step/sec: 75.5254\n",
      "INFO:tensorflow:loss = 0.04746195301413536, step = 5101 (1.324 sec)\n",
      "INFO:tensorflow:global_step/sec: 75.6349\n",
      "INFO:tensorflow:loss = 0.09671521186828613, step = 5201 (1.322 sec)\n",
      "INFO:tensorflow:global_step/sec: 76.6096\n",
      "INFO:tensorflow:loss = 0.0706639215350151, step = 5301 (1.305 sec)\n",
      "INFO:tensorflow:global_step/sec: 74.0646\n",
      "INFO:tensorflow:loss = 0.07027558237314224, step = 5401 (1.352 sec)\n",
      "INFO:tensorflow:global_step/sec: 76.5913\n",
      "INFO:tensorflow:loss = 0.05517733097076416, step = 5501 (1.304 sec)\n",
      "INFO:tensorflow:global_step/sec: 76.2328\n",
      "INFO:tensorflow:loss = 0.07360892742872238, step = 5601 (1.312 sec)\n",
      "INFO:tensorflow:global_step/sec: 75.5274\n",
      "INFO:tensorflow:loss = 0.08848477154970169, step = 5701 (1.324 sec)\n",
      "INFO:tensorflow:global_step/sec: 75.9442\n",
      "INFO:tensorflow:loss = 0.10038536787033081, step = 5801 (1.317 sec)\n",
      "INFO:tensorflow:global_step/sec: 76.053\n",
      "INFO:tensorflow:loss = 0.047890059649944305, step = 5901 (1.315 sec)\n",
      "INFO:tensorflow:Saving checkpoints for 6000 into D:\\深圳\\大岩\\项目\\intern-2018\\CNN\\huqy\\simard\\model.ckpt.\n",
      "INFO:tensorflow:Loss for final step: 0.07319467514753342.\n",
      "INFO:tensorflow:Calling model_fn.\n",
      "INFO:tensorflow:Done calling model_fn.\n",
      "INFO:tensorflow:Starting evaluation at 2019-03-05-06:39:43\n",
      "INFO:tensorflow:Graph was finalized.\n",
      "INFO:tensorflow:Restoring parameters from D:\\深圳\\大岩\\项目\\intern-2018\\CNN\\huqy\\simard\\model.ckpt-6000\n",
      "INFO:tensorflow:Running local_init_op.\n",
      "INFO:tensorflow:Done running local_init_op.\n",
      "INFO:tensorflow:Finished evaluation at 2019-03-05-06:39:44\n",
      "INFO:tensorflow:Saving dict for global step 6000: accuracy = 0.9766, global_step = 6000, loss = 0.07941026\n",
      "INFO:tensorflow:Saving 'checkpoint_path' summary for global step 6000: D:\\深圳\\大岩\\项目\\intern-2018\\CNN\\huqy\\simard\\model.ckpt-6000\n",
      "{'accuracy': 0.9766, 'loss': 0.07941026, 'global_step': 6000}\n"
     ]
    }
   ],
   "source": [
    "mnist_classifier.train(input_fn=train_input_fn, steps=2000)\n",
    "\n",
    "eval_results = mnist_classifier.evaluate(input_fn=eval_input_fn)\n",
    "print(eval_results)"
   ]
  }
 ],
 "metadata": {
  "kernelspec": {
   "display_name": "Python 3(tensorflow)",
   "language": "python",
   "name": "python3"
  },
  "language_info": {
   "codemirror_mode": {
    "name": "ipython",
    "version": 3
   },
   "file_extension": ".py",
   "mimetype": "text/x-python",
   "name": "python",
   "nbconvert_exporter": "python",
   "pygments_lexer": "ipython3",
   "version": "3.6.7"
  }
 },
 "nbformat": 4,
 "nbformat_minor": 2
}
